program id;overlap
25799;20
25826;20
25827;20
25845;20
25847;20
25851;20
25852;20
25856;20
25857;20
25866;20
25867;20
25871;20
25873;20
25880;20
25886;20
25888;20
25890;20
25891;20
25892;20
25893;20
25895;20
25897;20
25904;20
25908;20
25909;20
