program id;overlap
40414;16
40731;16
41011;16
128153;16
176889;16
194019;16
211372;16
303505;16
255;15
426;15
932;15
5442;15
5443;15
8579;15
10791;15
23424;15
24458;15
24860;15
27939;15
30098;15
34858;15
35820;15
35821;15
35832;15
41271;15
