program id;overlap
59596;24
59625;24
181480;21
210064;21
282077;21
282078;21
32093;19
32094;19
38166;19
54549;19
59597;19
111160;19
142995;19
162481;19
213554;19
246178;19
306183;19
897;18
23713;18
26527;18
26555;18
26556;18
26557;18
26559;18
26560;18
