program id;overlap
16324;26
17389;26
17931;26
17932;26
17998;26
18055;26
18056;26
18069;26
18070;26
18071;26
18911;26
19333;26
19483;26
19722;26
19742;26
19757;26
19928;26
19943;26
20000;26
20341;26
20346;26
20448;26
20570;26
20571;26
20572;26
20573;26
20577;26
20579;26
20584;26
20593;26
20594;26
20595;26
20606;26
20724;26
20758;26
20766;26
20782;26
20838;26
20968;26
20969;26
20973;26
20974;26
20976;26
20978;26
20980;26
20983;26
89507;24
91037;24
91038;24
178510;24
