program id;overlap
16075;23
16093;23
16094;23
25932;23
25961;23
25967;23
28026;23
28027;23
28028;23
28029;23
28039;23
28041;23
28043;23
28047;23
28048;23
28059;23
28064;23
28067;23
28093;23
28094;23
28095;23
28096;23
28097;23
28098;23
28105;23
28106;23
28107;23
28111;23
28112;23
28116;23
28120;23
28126;23
28127;23
28135;23
28136;23
28137;23
28139;23
28140;23
28141;23
28145;23
28146;23
28147;23
28148;23
28149;23
28150;23
28151;23
28155;23
28156;23
28157;23
28163;23
