program id;overlap
17667;26
17671;26
17675;26
17677;26
17679;26
17681;26
17683;26
17685;26
17689;26
17691;26
17693;26
17695;26
17697;26
17699;26
17701;26
17703;26
17705;26
17707;26
17709;26
17711;26
120487;26
178453;26
318512;26
318658;26
327340;26
