program id;overlap
230227;18
258261;18
176069;17
180748;17
184481;17
67294;16
111993;16
111995;16
309730;16
23621;15
25038;15
27003;15
27019;15
27922;15
30985;15
30987;15
30992;15
30993;15
30994;15
44399;15
45401;15
59453;15
67325;15
76631;15
76632;15
